    0.00  0.0000
    0.01  0.0099
    0.02  0.0197
    0.03  0.0294
    0.04  0.0390
    0.05  0.0486
    0.06  0.0580
    0.07  0.0673
    0.08  0.0766
    0.09  0.0858
    0.10  0.0949
    0.11  0.1039
    0.12  0.1128
    0.13  0.1217
    0.14  0.1305
    0.15  0.1392
    0.16  0.1478
    0.17  0.1563
    0.18  0.1648
    0.19  0.1732
    0.20  0.1816
    0.21  0.1898
    0.22  0.1980
    0.23  0.2062
    0.24  0.2142
    0.25  0.2223
    0.26  0.2302
    0.27  0.2381
    0.28  0.2459
    0.29  0.2537
    0.30  0.2614
    0.31  0.2690
    0.32  0.2766
    0.33  0.2841
    0.34  0.2916
    0.35  0.2990
    0.36  0.3064
    0.37  0.3137
    0.38  0.3209
    0.39  0.3281
    0.40  0.3353
    0.41  0.3424
    0.42  0.3494
    0.43  0.3564
    0.44  0.3634
    0.45  0.3703
    0.46  0.3771
    0.47  0.3840
    0.48  0.3907
    0.49  0.3974
    0.50  0.4041
    0.51  0.4108
    0.52  0.4173
    0.53  0.4239
    0.54  0.4304
    0.55  0.4368
    0.56  0.4433
    0.57  0.4496
    0.58  0.4560
    0.59  0.4623
    0.60  0.4685
    0.61  0.4748
    0.62  0.4809
    0.63  0.4871
    0.64  0.4932
    0.65  0.4993
    0.66  0.5053
    0.67  0.5113
    0.68  0.5173
    0.69  0.5232
    0.70  0.5291
    0.71  0.5349
    0.72  0.5408
    0.73  0.5465
    0.74  0.5523
    0.75  0.5580
    0.76  0.5637
    0.77  0.5694
    0.78  0.5750
    0.79  0.5806
    0.80  0.5862
    0.81  0.5917
    0.82  0.5972
    0.83  0.6027
    0.84  0.6081
    0.85  0.6135
    0.86  0.6189
    0.87  0.6243
    0.88  0.6296
    0.89  0.6349
    0.90  0.6402
    0.91  0.6454
    0.92  0.6506
    0.93  0.6558
    0.94  0.6610
    0.95  0.6661
    0.96  0.6712
    0.97  0.6763
    0.98  0.6814
    0.99  0.6864
    1.00  0.6914
